M9.5,0.05
h0
a0.45,0.45 0 0 1 0.45,0.45
v0
a0.45,0.45 0 0 1 -0.45,0.45
h0
a0.45,0.45 0 0 1 -0.45,-0.45
v0
a0.45,0.45 0 0 1 0.45,-0.45
z

M13.5,0.05
h0
a0.45,0.45 0 0 1 0.45,0.45
v0
a0.45,0.45 0 0 1 -0.45,0.45
h0
a0.45,0.45 0 0 1 -0.45,-0.45
v0
a0.45,0.45 0 0 1 0.45,-0.45
z

M16.5,0.05
h0
a0.45,0.45 0 0 1 0.45,0.45
v0
a0.45,0.45 0 0 1 -0.45,0.45
h0
a0.45,0.45 0 0 1 -0.45,-0.45
v0
a0.45,0.45 0 0 1 0.45,-0.45
z

M19.5,0.05
h0
a0.45,0.45 0 0 1 0.45,0.45
v0
a0.45,0.45 0 0 1 -0.45,0.45
h0
a0.45,0.45 0 0 1 -0.45,-0.45
v0
a0.45,0.45 0 0 1 0.45,-0.45
z

M20.5,0.05
h0
a0.45,0.45 0 0 1 0.45,0.45
v0
a0.45,0.45 0 0 1 -0.45,0.45
h0
a0.45,0.45 0 0 1 -0.45,-0.45
v0
a0.45,0.45 0 0 1 0.45,-0.45
z

M8.5,1.05
h0
a0.45,0.45 0 0 1 0.45,0.45
v0
a0.45,0.45 0 0 1 -0.45,0.45
h0
a0.45,0.45 0 0 1 -0.45,-0.45
v0
a0.45,0.45 0 0 1 0.45,-0.45
z

M9.5,1.05
h0
a0.45,0.45 0 0 1 0.45,0.45
v0
a0.45,0.45 0 0 1 -0.45,0.45
h0
a0.45,0.45 0 0 1 -0.45,-0.45
v0
a0.45,0.45 0 0 1 0.45,-0.45
z

M11.5,1.05
h0
a0.45,0.45 0 0 1 0.45,0.45
v0
a0.45,0.45 0 0 1 -0.45,0.45
h0
a0.45,0.45 0 0 1 -0.45,-0.45
v0
a0.45,0.45 0 0 1 0.45,-0.45
z

M12.5,1.05
h0
a0.45,0.45 0 0 1 0.45,0.45
v0
a0.45,0.45 0 0 1 -0.45,0.45
h0
a0.45,0.45 0 0 1 -0.45,-0.45
v0
a0.45,0.45 0 0 1 0.45,-0.45
z

M15.5,1.05
h0
a0.45,0.45 0 0 1 0.45,0.45
v0
a0.45,0.45 0 0 1 -0.45,0.45
h0
a0.45,0.45 0 0 1 -0.45,-0.45
v0
a0.45,0.45 0 0 1 0.45,-0.45
z

M20.5,1.05
h0
a0.45,0.45 0 0 1 0.45,0.45
v0
a0.45,0.45 0 0 1 -0.45,0.45
h0
a0.45,0.45 0 0 1 -0.45,-0.45
v0
a0.45,0.45 0 0 1 0.45,-0.45
z

M9.5,2.05
h0
a0.45,0.45 0 0 1 0.45,0.45
v0
a0.45,0.45 0 0 1 -0.45,0.45
h0
a0.45,0.45 0 0 1 -0.45,-0.45
v0
a0.45,0.45 0 0 1 0.45,-0.45
z

M10.5,2.05
h0
a0.45,0.45 0 0 1 0.45,0.45
v0
a0.45,0.45 0 0 1 -0.45,0.45
h0
a0.45,0.45 0 0 1 -0.45,-0.45
v0
a0.45,0.45 0 0 1 0.45,-0.45
z

M11.5,2.05
h0
a0.45,0.45 0 0 1 0.45,0.45
v0
a0.45,0.45 0 0 1 -0.45,0.45
h0
a0.45,0.45 0 0 1 -0.45,-0.45
v0
a0.45,0.45 0 0 1 0.45,-0.45
z